13107468667   3   1000.0   50.0
13107468667   2   1500.0   200.0
13107468667   1   1500.0   100.0
13107468668   1   2000.0   1500.0
13107468661   1   1000.0   500.0
13107468661   2   1200.0   30.0
13107468661   3   1000.0   100.0
13107468662   1   800.0   200.0
13107468662   2   900.0   200.0
13107468662   3   1100.0   100.0
13107468663   1   600.0   100.0
13107468663   2   900.0   50.0
13107468663   3   1000.0   150.0
13107468665   3   1000.0   120.0
13107468665   1   1000.0   300.0
13107468665   2   1000.0   250.0
13107468668   2   1000.0   250.0
13107468668   3   1000.0   150.0
13107468696   1   900.0   150.0
13107468696   2   1200.0   100.0
13107468696   3   1200.0   200.0
13107468956   1   1500.0   200.0
13107468956   2   1000.0   200.0
13107468956   3   1000.0   120.0
13107468667   5   1000.0   300.0
